-0.959584
-1.45415
0.568446
-0.0226593
0.562992
-0.10064
-1.20271
-0.521854
-0.0954278
0.316567
0.983268
-0.729698
0.593408
-0.0908794
0.474046
0.194022
1.33684
-0.0725847
0.532013
0.757137
-1.38343
0.644121
0.101398
0.651186
0.910418
-0.0178236
0.797117
-0.419132
-0.463862
0.461142
-1.48971
-0.233056
-0.436968
0.666047
0.424455
0.112477
1.18916
0.231357
0.657162
-1.13231
-0.484308
-1.21044
-0.225553
-1.02202
0.0573917
-0.140243
0.254009
0.649501
0.438108
-0.384212
-2.02425
-1.12986
-0.757819
-0.23623
-1.0421
-0.694233
0.457898
-1.27397
0.154848
0.284337
-0.730585
-1.33993
-1.65303
-0.0655081
0.0987048
-0.400503
-0.843938
-0.497948
-0.422567
0.174495
0.582522
0.459585
-0.0154927
-0.00907025
0.19531
-0.685255
-0.430287
3.04856
-0.724552
-0.667177
1.36538
0.936396
0.845742
0.440027
-0.832144
-0.439998
0.103379
-0.0407658
-0.591507
0.665685
0.737449
1.08348
0.762589
-0.7404
-0.804713
-0.795749
0.720514
0.76805
-0.311581
0.537772
1.15007
0.858067
1.13667
-0.145369
-1.56886
-1.51156
0.741485
1.21178
0.0390855
-0.139175
-0.533395
-0.673158
-0.0754396
-0.576658
-0.784083
0.894782
-0.226255
-0.996948
-1.11192
0.682836
0.142697
-0.898073
0.237757
-0.852711
-0.152222
0.871182
0.382743
0.260638
-0.0334091
0.149224
-0.213453
-1.27749
0.469386
-0.415518
0.876324
-0.554707
0.0732027
1.04176
-0.128932
-0.184345
-1.65503
0.768872
-0.274957
-0.0568012
-0.102281
-0.537531
-1.68881
-0.383226
-0.333253
-0.0929073
-1.16129
0.371373
-0.400225
-0.852548
0.233015
-0.108986
-0.595331
-0.0394889
-0.65198
-0.43906
-1.15932
-0.94776
-0.161255
-0.695238
0.677657
-0.135465
0.149404
-0.207294
-0.991502
1.00815
0.559578
-0.795251
0.533947
0.76943
0.426486
-0.139538
-0.414427
-0.269555
-0.868216
0.285002
-0.351758
-0.500442
-0.18163
-0.0659847
-1.18443
0.146178
-0.195496
0.440528
0.581438
0.171049
-0.855786
0.301143
1.17801
-0.667505
-0.103199
0.297726
0.588524
-0.303513
-1.08787
-0.615826
0.266975
-1.25952
0.979895
-0.871357
0.0978676
0.847049
0.094544
0.191152
0.426341
0.3908
-0.545136
0.753588
0.811704
0.829808
-0.0250071
-0.33408
-0.626461
-0.58549
0.355764
-1.06801
1.05475
-0.803788
-1.23988
-0.200594
-0.691594
1.36557
-0.677652
0.573026
0.615986
-1.34362
-0.143065
0.0584609
-0.355333
-1.72271
-0.0848113
1.21282
-0.19886
-1.48305
0.979243
-0.054212
-0.8439
-0.663349
0.711164
-1.18562
0.0855262
1.18217
0.408429
0.37578
0.362717
-0.276103
-1.7604
-0.665807
0.169075
0.253892
0.471179
-1.22624
1.25234
-0.293883
-0.805742
-1.25227
0.700796
0.180578
1.02813
0.450864
0.231645
0.392891
0.57848
0.412646
1.94128
-0.697844
-0.402999
-0.310124
-0.144786
-1.2403
-1.10375
-1.40766
-0.0154219
-0.599665
0.541918
-0.296794
-0.567912
-0.209947
-0.592552
0.258793
-0.0941343
2.17229
-0.628079
-0.313234
1.30341
-0.587218
0.67521
0.377992
-0.472956
0.698529
0.520086
0.522419
0.241976
-0.202692
-0.801179
0.147129
-0.768971
-1.12098
0.25925
-0.170203
-0.911689
-0.0606256
-0.0628744
0.407887
-0.417307
-0.0727035
-0.116607
-0.656357
0.779635
0.313522
0.872516
-0.454698
-0.181246
0.93473
-0.573803
0.79217
-1.23358
0.532361
0.940599
0.35076
0.0612273
0.0376511
-0.0944635
-0.375629
0.1254
-0.417126
-0.745735
-0.683794
-0.472136
0.254838
-0.90206
0.701267
0.280926
-0.197888
0.148221
-0.683083
0.838566
-0.449521
-0.75859
0.540678
-0.615274
0.332108
-0.629941
-1.11268
-1.0318
0.946547
0.598103
0.357489
0.383579
0.52022
-0.161921
0.177206
-0.0894422
1.74625
-0.0961206
-0.493582
0.525778
0.257531
0.00278875
0.159217
-1.24852
0.441633
-0.250914
-0.156528
-0.663525
1.03631
-0.150077
-0.277419
0.340586
1.8182
-0.0912877
-0.411921
-0.138753
-0.007452
0.430725
-0.139318
0.676373
-0.830157
0.567542
0.0832181
-0.507047
-1.02902
-0.883957
0.398187
0.451789
0.501887
0.417881
-2.19637
0.827329
-0.130385
-0.106324
0.346993
-0.0950594
-0.132635
0.29883
0.747187
-1.77728
0.976591
-0.463511
-0.75392
-1.18004
-0.00927406
-1.56051
1.5296
-1.02394
-0.444354
0.563644
0.0804258
1.18693
0.456338
-0.397678
-0.510153
0.450216
-0.12966
0.0683728
0.507058
-0.335701
-0.426599
0.394102
0.768337
-0.869737
0.0366275
-0.142776
0.583289
0.526046
-1.47153
0.0191797
-0.246183
-0.151649
-1.1641
0.750954
0.116776
0.04769
0.729517
0.287212
0.0551113
0.00519958
0.897439
0.816787
-0.956005
0.869286
-0.236202
-1.1344
-0.770762
-0.185319
0.89273
0.233863
-0.299607
0.702866
1.32235
0.805303
0.404528
0.377862
-0.68118
-0.408626
-1.30395
-0.787001
-1.17347
-0.770418
0.269411
-0.0475741
1.05435
-0.306553
0.467934
-0.140372
0.10042
0.995949
1.73216
-0.867287
0.0786198
0.807121
0.656034
0.191903
-0.509948
-0.0195599
0.163342
0.202177
-0.191913
-0.381308
1.33423
0.386216
0.958315
-0.60892
-0.310155
0.113892
-1.30867
0.106504
0.713613
-0.760047
-1.04547
0.719447
0.275958
-0.784499
0.185132
-0.827646
-0.0962521
-0.58966
0.626882
-0.102256
0.10958
-1.16141
0.034646
1.20771
-0.422361
0.78343
0.50604
0.824259
-0.316146
